-1.0174e-02	9.3938e-01	2.9260e+00	8.6517e-01	4.9767e+00	4.0306e-01	2.0733e-01	2.1990e-01	
7.3508e-02	6.1926e-01	5.2828e-01	1.3628e-01	4.9824e+00	4.1592e-01	5.5159e-02	2.5069e-01	
1.5873e-02	6.9023e-01	9.0538e-01	2.9595e-01	5.0232e+00	5.7051e-01	2.9026e-01	2.6316e-01	
-7.3141e-02	8.9778e-01	2.8218e+00	3.8771e-01	5.1627e+00	4.0165e-01	9.8167e-02	2.7904e-01	
-8.2976e-03	6.8429e-01	7.0083e-01	4.5410e-01	5.0367e+00	5.1865e-01	1.5712e-01	2.9917e-01	
1.0156e-02	9.4509e-01	2.3036e+00	9.5413e-01	5.1349e+00	4.9492e-01	2.9928e-01	1.5377e-01	
1.3735e-02	5.4793e-01	7.5333e-01	7.2082e-01	5.1612e+00	4.7794e-01	2.8735e-01	3.0189e-02	
2.6350e-03	9.4089e-01	1.0492e+00	7.7792e-01	5.0225e+00	5.0881e-01	2.7587e-01	2.0303e-01	
9.3290e-02	7.8409e-01	2.4776e+00	7.0379e-01	5.1455e+00	4.7706e-01	1.8462e-01	2.1542e-01	
-9.4233e-02	5.8460e-01	8.8759e-01	5.5705e-02	4.9352e+00	5.4886e-01	1.3454e-02	6.4595e-02	
3.3752e-02	9.3605e-01	1.6622e+00	5.0420e-01	5.0795e+00	4.9284e-01	2.3068e-01	2.5857e-01	
-4.4613e-02	8.4045e-01	2.1920e+00	9.2923e-01	5.1147e+00	5.8296e-01	1.5109e-01	1.7236e-01	
-4.6813e-02	5.7131e-01	1.6493e+00	4.1411e-01	5.0160e+00	5.6286e-01	1.7310e-02	2.8410e-01	
-2.0426e-02	9.8904e-01	5.9201e-01	3.4161e-01	5.1308e+00	4.8741e-01	4.7663e-02	2.0867e-01	
-5.1811e-02	5.6367e-01	2.9562e+00	1.0381e-01	5.0472e+00	5.3041e-01	2.7300e-02	2.9547e-01	
-1.4417e-02	5.9358e-01	1.6944e+00	1.6938e-01	4.9661e+00	5.5699e-01	1.8846e-01	2.9202e-02	
-3.6543e-02	5.5481e-01	2.2350e+00	3.6559e-02	5.1765e+00	4.1368e-01	1.9589e-01	1.4330e-01	
-9.8177e-02	6.4861e-01	3.9060e-01	5.6042e-01	5.1250e+00	4.7311e-01	2.3260e-01	1.2531e-01	
-7.9163e-02	9.3076e-01	2.5611e+00	4.8624e-01	5.0032e+00	5.2208e-01	2.6453e-01	1.7707e-01	
5.9610e-02	7.4801e-01	8.0184e-01	6.7758e-01	4.9262e+00	4.3780e-01	1.8874e-01	1.9825e-01	
6.3082e-02	7.0325e-01	1.5446e+00	5.7486e-01	5.0312e+00	4.9753e-01	2.2280e-01	2.5944e-01	
-3.2593e-02	9.5850e-01	1.3192e+00	2.1906e-01	5.0074e+00	5.2329e-01	9.0832e-02	1.4412e-02	
2.9535e-02	9.3474e-01	7.4348e-01	9.8462e-01	5.1134e+00	4.1070e-01	1.7121e-01	1.0605e-01	
-5.1291e-03	8.2985e-01	1.8256e+00	2.6698e-01	5.1919e+00	5.7848e-01	3.6459e-02	2.6265e-01	
-5.2792e-02	6.5555e-01	1.9956e+00	5.9061e-01	5.0003e+00	5.4707e-01	2.2573e-01	1.3404e-01	
3.4649e-02	5.0585e-01	2.7409e+00	6.0336e-01	5.0161e+00	4.0756e-01	1.7196e-01	5.2755e-02	
-5.3946e-02	6.3434e-01	1.0242e+00	9.0874e-01	5.1737e+00	4.1932e-01	9.4560e-02	1.3688e-01	
4.9202e-02	7.4810e-01	2.5022e+00	6.6670e-01	4.9069e+00	4.0944e-01	2.9260e-01	2.3567e-01	
-3.2096e-02	7.2739e-01	8.3834e-01	9.1782e-01	5.1884e+00	4.9641e-01	1.5299e-01	3.7134e-02	
-1.3910e-02	9.1773e-01	2.8844e+00	4.3952e-01	4.9711e+00	5.1213e-01	1.5405e-02	2.7394e-01	
-3.4419e-02	7.1535e-01	2.9775e+00	1.5001e-01	5.1683e+00	5.2434e-01	2.4548e-01	1.2014e-01	
3.2428e-02	8.5659e-01	8.2692e-01	3.1833e-02	5.1222e+00	4.3807e-01	5.1145e-02	9.0739e-02	
1.4632e-03	9.6427e-01	1.4918e+00	3.2366e-01	4.9193e+00	5.8486e-01	9.8758e-02	1.3159e-01	
-3.1479e-02	9.5082e-01	5.1787e-01	4.0082e-01	5.0253e+00	4.6538e-01	2.8337e-01	4.2537e-02	
-4.0165e-02	8.1321e-01	3.7184e-01	4.5648e-01	5.1326e+00	5.2103e-01	2.8683e-01	2.9525e-01	
7.1682e-02	8.8947e-01	1.4474e+00	4.0903e-01	5.1809e+00	4.4484e-01	1.4762e-01	5.1924e-02	
9.3453e-02	8.9966e-01	8.3617e-01	7.4905e-01	5.0152e+00	5.4600e-01	8.1012e-02	2.2855e-01	
-1.0617e-02	6.8339e-01	6.8617e-01	6.6176e-01	5.0593e+00	5.2171e-01	2.1023e-01	2.5180e-01	
-4.2258e-02	8.2193e-01	2.2803e+00	7.3839e-01	5.1322e+00	4.2426e-01	2.5837e-03	2.8143e-02	
5.8162e-02	7.7775e-01	2.6094e+00	5.7071e-01	5.1059e+00	4.5818e-01	1.7808e-01	1.5335e-01	
-8.4213e-02	7.6336e-01	2.2102e+00	6.6979e-01	5.0272e+00	5.6367e-01	8.0392e-03	2.4404e-01	
7.5892e-04	6.1291e-01	1.7769e+00	5.0116e-01	4.9496e+00	5.4413e-01	2.7678e-01	2.7099e-01	
1.6579e-02	7.2095e-01	1.6868e+00	6.8618e-01	5.1257e+00	4.4380e-01	1.2543e-01	2.4850e-01	
-2.6017e-02	6.2032e-01	2.8151e+00	3.5411e-01	4.9667e+00	4.2180e-01	1.6639e-01	1.1336e-01	
-1.3274e-02	5.8077e-01	2.6235e+00	7.8628e-01	5.1429e+00	4.9057e-01	1.1625e-01	2.9465e-01	
-1.1128e-03	9.2286e-01	1.9374e+00	5.6980e-01	5.1797e+00	5.4649e-01	1.6227e-01	8.1006e-02	
-8.2991e-02	5.3128e-01	1.5537e+00	2.1417e-01	5.1156e+00	5.7642e-01	1.3211e-01	1.4203e-01	
-1.6947e-02	7.8012e-01	2.3570e+00	6.4066e-01	5.1080e+00	5.3839e-01	9.2778e-02	1.4945e-01	
1.3174e-02	9.5734e-01	1.2385e+00	6.2973e-01	5.1653e+00	4.6311e-01	1.7008e-01	1.9686e-01	
6.8072e-02	9.2479e-01	1.1521e+00	4.3801e-01	5.0377e+00	5.7077e-01	2.9882e-01	2.7750e-01	
5.2500e-02	5.1207e-01	1.1429e+00	1.1459e-01	5.0662e+00	5.7565e-01	2.0098e-02	9.4462e-02	
-2.2641e-02	9.3235e-01	3.6830e-01	6.7800e-01	5.1587e+00	4.5120e-01	9.3450e-02	1.0120e-01	
4.1630e-02	8.9051e-01	2.8635e+00	3.0872e-01	4.9521e+00	5.2998e-01	5.0670e-03	1.5812e-01	
-1.2748e-02	5.2983e-01	2.6524e+00	2.6154e-01	4.9161e+00	4.5057e-01	1.4662e-01	2.0825e-01	
-7.6512e-03	8.0912e-01	8.1016e-01	5.4095e-02	5.0905e+00	5.8598e-01	5.2107e-02	3.5733e-02	
6.3725e-02	7.6793e-01	4.1305e-01	9.3838e-01	5.1914e+00	5.1373e-01	9.9962e-03	2.3350e-01	
1.0760e-02	9.9776e-01	2.4987e+00	1.6763e-01	4.9249e+00	4.4420e-01	2.2035e-01	1.8074e-01	
2.0598e-02	9.8490e-01	1.0477e+00	1.0034e-01	5.0775e+00	5.9921e-01	8.4005e-02	3.5962e-02	
-2.7535e-03	6.4509e-01	2.4211e+00	6.0176e-02	4.9848e+00	5.4272e-01	1.9017e-01	9.1554e-02	
4.9987e-02	8.7196e-01	4.4145e-01	4.3040e-01	5.0570e+00	4.8578e-01	1.5970e-01	6.0453e-02	
5.1262e-02	9.2249e-01	2.6703e+00	7.1268e-02	4.9872e+00	4.7009e-01	1.6301e-01	6.1849e-02	
-1.4860e-02	6.5290e-01	1.8843e+00	6.8212e-01	4.9788e+00	4.2936e-01	1.6577e-01	2.8443e-01	
-8.6018e-03	5.8703e-01	2.9800e+00	9.6032e-01	5.1675e+00	4.0247e-01	3.0348e-02	2.6885e-01	
-8.9623e-02	6.5800e-01	2.2056e+00	7.6313e-01	5.0959e+00	4.4918e-01	1.5189e-01	1.6730e-01	
-4.7280e-02	9.0511e-01	1.6682e+00	3.4620e-01	5.0446e+00	5.4428e-01	1.9074e-01	9.5395e-02	
2.5299e-02	6.9716e-01	2.8196e+00	5.8014e-01	4.9672e+00	4.7970e-01	2.2345e-02	2.1237e-01	
1.7879e-02	7.3081e-01	1.7396e+00	5.9797e-01	4.9206e+00	4.2712e-01	2.8965e-01	2.8816e-01	
4.6914e-03	5.4678e-01	1.7111e+00	3.5949e-01	5.0883e+00	4.6426e-01	2.0289e-01	1.7981e-01	
9.4675e-02	5.2667e-01	2.8321e+00	1.8110e-02	5.1434e+00	5.5260e-01	1.9028e-02	2.1193e-02	
4.2034e-02	8.5605e-01	1.4821e+00	8.7815e-01	5.0938e+00	4.6658e-01	1.9510e-01	2.9610e-01	
7.4683e-02	9.1662e-01	8.3113e-01	9.2185e-01	4.9692e+00	5.2470e-01	2.0840e-01	1.9694e-01	
1.4713e-02	5.1784e-01	7.9604e-01	2.9947e-01	5.0900e+00	5.6902e-01	3.5740e-02	1.2072e-01	
-5.5323e-02	7.1631e-01	1.6020e+00	1.8452e-01	5.0998e+00	4.9184e-01	1.7446e-01	3.1893e-03	
-8.9973e-02	8.6287e-01	1.2864e+00	8.3042e-01	4.9141e+00	5.9056e-01	1.2072e-01	1.6396e-01	
7.2490e-02	8.8172e-01	3.2000e-01	1.3943e-01	5.1513e+00	5.4570e-01	1.6762e-02	4.4550e-02	
6.2668e-02	8.1134e-01	6.5508e-01	4.6973e-01	4.9346e+00	5.8768e-01	2.6250e-01	2.0650e-01	
-9.9373e-02	9.3828e-01	1.2660e+00	7.4115e-01	5.1882e+00	5.0741e-01	9.6157e-02	1.1661e-01	
4.5349e-03	7.5881e-01	1.6298e+00	5.6723e-01	5.0943e+00	4.4259e-01	2.6056e-01	1.0962e-01	
-7.8175e-02	8.6406e-01	6.1362e-01	3.9722e-01	5.0103e+00	4.5835e-01	5.4477e-02	9.3554e-02	
4.8377e-02	7.9217e-01	1.5690e+00	2.8256e-02	5.1106e+00	5.8019e-01	2.6302e-01	1.6698e-01	
1.6918e-02	9.9427e-01	1.9890e+00	5.3713e-01	5.1097e+00	5.4858e-01	2.8849e-01	1.0330e-01	
1.9993e-03	6.8018e-01	2.8923e+00	2.2621e-01	5.1590e+00	5.6790e-01	4.0364e-02	1.1783e-01	
-5.9600e-02	7.3601e-01	1.1948e+00	3.1649e-01	4.9975e+00	4.7279e-01	1.8236e-02	2.3041e-01	
4.7833e-02	9.8998e-01	1.1017e+00	3.3030e-01	5.1782e+00	4.7423e-01	1.8423e-01	2.2963e-01	
3.1039e-02	7.8485e-01	9.9562e-01	8.1812e-01	4.9422e+00	4.7506e-01	2.1573e-01	1.5239e-01	
-4.3656e-03	6.1178e-01	1.4396e+00	2.3523e-03	4.9945e+00	4.2802e-01	7.6336e-02	2.3535e-01	
-6.6859e-02	5.8636e-01	1.9022e+00	6.0538e-01	5.1655e+00	4.6615e-01	2.6677e-01	1.5853e-01	
-5.4752e-02	7.7635e-01	2.0083e+00	9.5180e-01	4.9253e+00	5.9220e-01	2.6541e-01	2.1893e-01	
7.9917e-02	8.5480e-01	6.6923e-01	1.9830e-01	5.1400e+00	4.6866e-01	1.7568e-01	9.6666e-02	
5.7659e-03	5.8951e-01	1.1815e+00	1.8827e-01	5.1162e+00	5.0487e-01	2.7213e-05	1.7590e-01	
-8.0628e-02	7.3723e-01	2.1419e+00	3.3210e-02	4.9770e+00	5.6157e-01	5.9862e-02	2.7494e-01	
5.6512e-02	9.4820e-01	7.1758e-01	4.9119e-01	5.1230e+00	5.6503e-01	2.7166e-01	5.7618e-02	
3.5785e-03	6.7177e-01	7.4140e-01	8.0860e-01	4.9021e+00	5.9714e-01	1.6876e-01	2.6029e-01	
-6.8702e-02	8.1017e-01	9.3800e-01	9.1081e-01	5.0095e+00	4.7227e-01	1.6145e-01	2.5322e-01	
5.4406e-02	9.1508e-01	1.1742e+00	1.3192e-01	5.0792e+00	5.0137e-01	4.3531e-02	4.1683e-02	
-6.5165e-02	8.9337e-01	2.1170e+00	5.4231e-01	4.9654e+00	5.5014e-01	2.0561e-01	2.4576e-01	
-8.8414e-02	8.5046e-01	2.9143e+00	5.6565e-01	5.0915e+00	4.4171e-01	2.0180e-01	2.7320e-02	
-3.4798e-02	8.6088e-01	1.4208e+00	6.1702e-01	5.1735e+00	5.0016e-01	6.6890e-03	2.4501e-01	
8.7192e-02	6.9312e-01	2.0153e+00	6.9803e-01	5.0767e+00	5.8048e-01	1.1176e-01	2.1571e-01	
3.1464e-02	5.2636e-01	2.7323e+00	1.4612e-01	5.1488e+00	4.3867e-01	6.2388e-02	1.7910e-01	
7.3882e-02	8.3626e-01	6.6716e-01	2.9419e-01	5.1442e+00	5.0688e-01	7.4216e-03	2.2986e-01	
2.4148e-02	5.1638e-01	2.9958e+00	6.9074e-01	4.9151e+00	4.6699e-01	5.9341e-02	1.6341e-01	
-5.8303e-02	9.9319e-01	2.3210e+00	9.1539e-01	5.0179e+00	4.2493e-01	5.6947e-02	2.6740e-02	
-5.8980e-02	8.9898e-01	2.3887e+00	7.8085e-01	5.0696e+00	4.1032e-01	2.3488e-02	7.1332e-02	
6.6258e-02	5.4013e-01	1.8887e+00	2.9735e-01	5.1696e+00	4.6488e-01	2.3828e-01	1.0426e-02	
7.7398e-02	7.2392e-01	2.4033e+00	9.7995e-01	4.9804e+00	4.1779e-01	2.7308e-01	2.6897e-01	
8.3522e-02	6.0219e-01	1.5632e+00	5.2554e-01	5.0360e+00	4.4625e-01	2.3439e-01	2.1628e-01	
-7.1415e-02	7.1315e-01	1.3269e+00	6.9275e-01	5.0509e+00	4.1812e-01	2.5348e-01	2.7781e-01	
-9.1382e-02	5.3849e-01	1.1330e+00	7.4787e-01	5.0710e+00	4.8668e-01	1.1435e-01	1.4885e-01	
-2.7226e-02	6.2883e-01	1.6225e+00	9.6629e-01	4.9032e+00	4.2133e-01	5.0797e-02	1.1506e-01	
2.2785e-02	5.3730e-01	6.7637e-01	1.2238e-01	5.1843e+00	4.5878e-01	1.7096e-01	8.7498e-03	
-9.0653e-02	9.4960e-01	7.1450e-01	4.7763e-01	4.9784e+00	5.1350e-01	7.1949e-02	2.2461e-01	
-6.5537e-02	6.8929e-01	9.4416e-01	4.0604e-01	5.0600e+00	4.5715e-01	2.0919e-01	6.5998e-02	
-8.1352e-02	7.2502e-01	2.0362e+00	5.1432e-01	4.9122e+00	5.3769e-01	2.3977e-01	2.1331e-01	
5.9009e-02	5.8155e-01	1.4900e+00	1.9279e-01	5.0456e+00	5.6608e-01	9.6796e-03	2.0471e-01	
8.6354e-03	8.9646e-01	6.5040e-01	7.0646e-01	5.1600e+00	4.0199e-01	2.5850e-02	2.3272e-01	
4.3254e-02	7.7408e-01	2.2190e+00	8.0339e-01	4.9343e+00	4.6979e-01	1.9387e-01	2.2723e-01	
6.3504e-02	8.4226e-01	2.7893e+00	4.8664e-01	4.9506e+00	4.7053e-01	2.9681e-03	2.1938e-01	
-4.1872e-02	6.5844e-01	1.8779e+00	6.2154e-01	5.0587e+00	4.4861e-01	1.3068e-01	2.0063e-01	
9.1107e-02	5.4158e-01	2.7999e+00	6.8410e-01	5.1422e+00	4.1362e-01	9.2096e-03	2.2508e-01	
7.2664e-02	8.5958e-01	1.3641e+00	7.9570e-01	5.1047e+00	4.0500e-01	1.2407e-01	1.5436e-01	
-6.4257e-02	7.1014e-01	1.4012e+00	2.1763e-01	5.1364e+00	5.4768e-01	1.6750e-01	6.9665e-02	
-9.4945e-02	8.7241e-01	3.8011e-01	8.8684e-01	5.1877e+00	5.6107e-01	2.9326e-01	6.8492e-02	
-2.1566e-02	5.7960e-01	1.6512e+00	9.8324e-01	5.1385e+00	4.0717e-01	7.4216e-02	6.5346e-02	
-5.6114e-02	5.7552e-01	4.4855e-01	7.5299e-02	4.9595e+00	4.8143e-01	2.5771e-01	1.9669e-02	
7.9424e-02	5.6339e-01	2.2361e+00	3.7183e-01	4.9485e+00	4.8437e-01	1.6436e-01	2.5086e-02	
-3.9183e-02	8.1544e-01	1.1668e+00	8.6230e-01	5.1866e+00	4.9908e-01	2.1471e-01	1.3869e-01	
-4.5938e-02	6.0307e-01	1.9561e+00	2.2312e-01	4.9399e+00	4.4102e-01	1.0508e-01	2.7446e-01	
5.0198e-02	7.2220e-01	7.7979e-01	9.8183e-02	5.1848e+00	5.7004e-01	4.3315e-02	1.8974e-02	
-3.2910e-02	5.2110e-01	2.4697e+00	9.3034e-01	5.0566e+00	4.7471e-01	2.2808e-01	2.0175e-01	
4.0026e-02	5.3388e-01	1.2432e+00	8.3335e-01	5.0657e+00	4.5618e-01	2.6327e-01	1.7350e-01	
2.2520e-02	5.3558e-01	2.2727e+00	9.5831e-01	5.0549e+00	4.0800e-01	2.4936e-01	1.0007e-01	
-3.9561e-02	5.0705e-01	4.3526e-01	9.6140e-01	4.9200e+00	5.8104e-01	3.8284e-02	2.2301e-01	
-6.7779e-02	8.7638e-01	2.6889e+00	3.0141e-02	5.0025e+00	5.2580e-01	7.2190e-02	1.6855e-01	
9.6362e-02	6.7326e-01	3.4344e-01	4.6234e-01	5.0499e+00	5.1012e-01	1.2976e-01	2.9557e-02	
-1.3488e-02	9.7768e-01	5.4789e-01	2.9176e-01	5.1998e+00	4.7181e-01	2.5956e-01	2.8070e-01	
-1.6990e-03	8.6660e-01	2.7188e+00	5.5376e-01	5.0409e+00	5.6536e-01	7.0191e-02	1.5023e-01	
8.8817e-02	8.9501e-01	1.2299e+00	6.0610e-01	5.1514e+00	5.1555e-01	6.0520e-02	1.6707e-02	
-8.2693e-02	5.8316e-01	2.1328e+00	1.8612e-01	4.9708e+00	4.7101e-01	5.2314e-02	2.0273e-01	
9.2574e-03	6.3906e-01	2.7086e+00	5.4013e-01	5.1064e+00	5.4512e-01	2.8132e-01	2.1901e-03	
-2.8332e-02	8.0300e-01	2.6100e+00	4.5027e-01	5.1935e+00	5.7951e-01	2.5800e-01	2.8047e-01	
6.5712e-02	7.5418e-01	2.3421e+00	7.8714e-01	5.0918e+00	5.6952e-01	4.2662e-02	6.2780e-02	
-8.1142e-03	9.0723e-01	6.3881e-01	4.4911e-01	4.9213e+00	4.9652e-01	2.7211e-01	4.7352e-02	
-1.5523e-02	5.7405e-01	7.6994e-01	6.7406e-01	5.0405e+00	4.0552e-01	1.0863e-01	1.2649e-01	
5.1757e-02	5.4740e-01	9.7561e-01	8.1152e-01	5.1547e+00	4.3403e-01	2.6780e-01	2.4972e-01	
-9.1970e-02	7.5113e-01	2.0723e+00	9.6343e-01	4.9627e+00	4.2099e-01	2.3194e-01	1.9329e-01	
-9.6770e-02	6.2438e-01	1.3839e+00	6.4537e-01	5.0204e+00	4.5507e-01	2.0604e-01	2.2763e-01	
-6.1175e-02	6.6238e-01	2.7496e+00	3.6282e-01	5.0011e+00	5.0343e-01	5.8091e-02	2.0411e-01	
7.3061e-02	7.3201e-01	2.9899e+00	8.4637e-01	4.9616e+00	5.6204e-01	1.8554e-01	1.6971e-01	
-3.3663e-02	9.6160e-01	3.5768e-01	8.2367e-01	4.9087e+00	5.0235e-01	2.6557e-01	8.3215e-02	
8.9409e-02	7.9429e-01	5.3573e-01	9.9428e-01	5.1533e+00	4.8818e-01	2.4693e-02	1.5482e-01	
4.2677e-02	9.7341e-01	2.0010e+00	5.8827e-01	5.0127e+00	5.0058e-01	6.9563e-02	7.5427e-02	
2.9298e-03	9.8720e-01	1.8527e+00	7.3592e-01	4.9881e+00	4.3572e-01	2.0388e-01	2.0031e-01	
8.6774e-02	7.7208e-01	1.6789e+00	5.6435e-01	5.0635e+00	5.2760e-01	1.1029e-02	2.9861e-01	
-9.6269e-02	8.7770e-01	8.5951e-01	9.7645e-01	5.1200e+00	5.7249e-01	2.3921e-01	9.7040e-02	
2.4876e-02	8.7358e-01	1.5029e+00	7.5735e-01	5.1671e+00	4.6779e-01	1.3807e-01	2.4767e-01	
-8.5479e-02	7.9898e-01	1.0038e+00	7.9426e-01	5.0864e+00	4.9715e-01	2.9777e-01	2.3707e-01	
-4.0686e-02	9.7388e-01	4.6773e-01	8.3766e-01	4.9185e+00	5.6659e-01	2.7797e-01	2.5199e-01	
4.4039e-02	5.9525e-01	9.4106e-01	9.3742e-01	5.0337e+00	4.7597e-01	1.6823e-01	1.5386e-02	
-8.8022e-02	5.6508e-01	2.4112e+00	5.4785e-01	5.1959e+00	4.7645e-01	1.2482e-01	5.1521e-02	
-9.6299e-03	5.7480e-01	1.7463e+00	6.4750e-01	4.9909e+00	5.7372e-01	2.4670e-01	1.6152e-02	
-8.4543e-02	9.0981e-01	2.7449e+00	9.0116e-01	5.1178e+00	5.2238e-01	2.1642e-01	1.6933e-01	
4.5079e-02	7.3531e-01	1.2515e+00	7.3291e-01	5.1826e+00	4.8960e-01	2.4492e-01	8.6769e-02	
-2.5740e-02	7.6732e-01	1.3026e+00	7.3673e-01	5.0630e+00	5.6312e-01	2.2256e-01	1.5089e-01	
-1.8325e-02	5.9445e-01	9.1532e-01	3.7808e-01	4.9220e+00	5.3948e-01	8.6736e-02	1.0055e-01	
1.7228e-03	6.7483e-01	2.8587e+00	8.6004e-01	4.9675e+00	4.9857e-01	6.6884e-02	2.1731e-01	
1.4853e-02	5.1741e-01	2.3494e+00	1.2863e-01	5.0643e+00	4.9106e-01	8.2656e-02	1.0286e-01	
8.9966e-02	5.0486e-01	1.3786e+00	2.3537e-01	4.9097e+00	4.9458e-01	2.5301e-01	1.3625e-01	
-9.7256e-02	9.7684e-01	2.2702e+00	5.4970e-01	5.1396e+00	4.3728e-01	2.0657e-01	1.5739e-01	
9.2720e-02	7.7664e-01	1.5257e+00	7.5468e-01	5.1314e+00	4.9433e-01	1.5606e-01	1.0653e-01	
-6.2007e-02	6.2965e-01	5.1145e-01	3.5870e-01	5.0100e+00	4.2054e-01	2.9998e-01	1.9353e-01	
6.8632e-02	5.8997e-01	2.7866e+00	8.9724e-01	5.1771e+00	5.4747e-01	1.2919e-01	7.8835e-02	
-5.3616e-02	6.7850e-01	1.0345e+00	4.2430e-01	4.9489e+00	4.5999e-01	2.4763e-01	2.0533e-01	
-2.4560e-02	7.8973e-01	4.9013e-01	3.5055e-01	5.1579e+00	5.4113e-01	2.9472e-01	7.0612e-02	
-8.5827e-02	5.9591e-01	2.3812e+00	2.2943e-01	4.9689e+00	5.4645e-01	3.2033e-02	2.9297e-01	
-1.7777e-02	9.6249e-01	9.2698e-01	9.7390e-01	5.0059e+00	5.9334e-01	1.5813e-01	2.4104e-01	
-1.1485e-02	8.7919e-01	1.2948e+00	1.0243e-01	5.1552e+00	5.3733e-01	6.1482e-02	2.3799e-01	
-7.7751e-02	6.2199e-01	2.8397e+00	1.4451e-01	5.0599e+00	4.5778e-01	2.7043e-01	6.3341e-02	
8.2460e-02	8.8271e-01	2.5221e+00	5.1125e-01	5.0720e+00	4.1137e-01	3.6967e-02	2.7350e-01	
6.1565e-02	6.3815e-01	2.5472e+00	6.2080e-02	5.0137e+00	4.1656e-01	1.4941e-01	2.6704e-01	
-6.6436e-02	5.4516e-01	1.6375e+00	8.1539e-01	4.9829e+00	5.2774e-01	8.6046e-02	2.6756e-01	
4.4275e-02	6.8747e-01	2.1495e+00	1.1681e-01	5.0063e+00	5.4043e-01	1.4099e-01	2.0691e-01	
-8.3597e-02	7.9137e-01	2.5343e+00	4.6516e-01	5.0221e+00	5.1111e-01	1.0199e-01	1.8747e-01	
-7.1519e-02	5.2042e-01	1.6054e+00	4.6732e-02	5.1125e+00	5.5583e-01	2.2675e-01	1.2275e-01	
-5.6842e-02	5.8506e-01	7.3618e-01	3.1917e-01	4.9950e+00	5.1829e-01	1.4137e-01	2.4796e-01	
8.5502e-02	6.2782e-01	2.6822e+00	9.7084e-01	5.1792e+00	4.1208e-01	3.4883e-02	1.1438e-02	
3.4777e-02	8.7516e-01	2.0303e+00	5.1223e-01	5.1290e+00	5.9156e-01	2.7431e-01	1.6135e-01	
5.5516e-02	8.1949e-01	2.2834e+00	8.0025e-01	5.1022e+00	5.6724e-01	1.5921e-01	8.9889e-03	
-6.8443e-03	7.8702e-01	9.6875e-01	4.0636e-01	5.0200e+00	4.2505e-01	2.4554e-01	4.3180e-02	
-5.0681e-02	6.9497e-01	5.0318e-01	7.2431e-01	5.1751e+00	4.4042e-01	1.6369e-01	7.6263e-02	
5.7567e-02	5.7245e-01	2.5284e+00	2.6619e-02	5.1728e+00	5.0082e-01	2.7784e-02	1.3750e-01	
3.3431e-02	5.9111e-01	2.5827e+00	3.2063e-01	5.1973e+00	4.5242e-01	1.1909e-01	2.2087e-01	
1.7510e-02	9.2827e-01	1.8366e+00	6.7151e-01	4.9411e+00	4.7889e-01	1.2349e-01	5.8136e-02	
-8.7047e-02	8.3914e-01	1.3142e+00	3.7943e-02	4.9479e+00	5.1761e-01	2.2189e-01	2.8598e-01	
-1.2070e-02	7.0684e-01	1.8564e+00	4.6479e-01	5.0431e+00	4.1714e-01	4.3960e-02	2.9013e-01	
3.9790e-02	6.4636e-01	2.5721e+00	4.8430e-01	4.9232e+00	5.1683e-01	2.9609e-01	2.0618e-01	
-6.4669e-04	9.7096e-01	1.9665e+00	4.4335e-01	4.9920e+00	5.0967e-01	2.6928e-01	1.0399e-01	
-5.1118e-02	5.6222e-01	2.1631e+00	7.6963e-01	5.0192e+00	4.6138e-01	7.8621e-02	1.7572e-01	
-9.4582e-02	9.7539e-01	2.7135e+00	2.7030e-01	4.9339e+00	4.5173e-01	2.2900e-01	1.6789e-01	
8.4810e-02	7.7522e-01	1.3885e+00	3.7919e-01	4.9552e+00	4.6045e-01	1.8223e-01	1.3034e-01	
6.7859e-02	8.0662e-01	1.9830e+00	5.8310e-01	5.0878e+00	5.0580e-01	2.1234e-01	2.4015e-01	
-4.3692e-02	6.6963e-01	8.4899e-01	2.3058e-01	5.0702e+00	4.8677e-01	2.7988e-01	2.4456e-01	
-3.6723e-03	9.5631e-01	4.8050e-01	9.0401e-01	4.9682e+00	5.7613e-01	1.7832e-01	1.9979e-02	
-7.3943e-02	8.4348e-01	1.4235e+00	4.8170e-01	5.1206e+00	4.6939e-01	1.3014e-01	1.9921e-01	
8.0740e-03	9.5518e-01	1.9182e+00	8.0159e-01	4.9429e+00	4.8115e-01	1.1508e-01	1.0693e-01	
3.5921e-02	8.6484e-01	4.5588e-01	4.2714e-02	5.0669e+00	5.6006e-01	1.4360e-01	1.9398e-01	
-1.1018e-02	8.3482e-01	1.8312e+00	2.0859e-01	5.0725e+00	5.6404e-01	1.4829e-01	1.4840e-02	
6.9510e-02	8.8450e-01	1.1805e+00	6.3980e-01	5.1561e+00	5.7304e-01	1.5146e-01	4.1331e-02	
-3.7854e-02	5.2191e-01	2.4540e+00	7.4422e-01	4.9297e+00	4.1007e-01	5.2975e-02	5.3350e-02	
9.2087e-02	7.5539e-01	1.5404e+00	4.1613e-01	5.0256e+00	4.8916e-01	1.6241e-01	1.3096e-01	
-4.5269e-02	8.2558e-01	1.8417e+00	4.2293e-01	5.0053e+00	5.3107e-01	1.9992e-01	2.6035e-02	
-9.3037e-02	5.6778e-01	6.2251e-01	9.9237e-01	4.9752e+00	5.0659e-01	1.7915e-01	6.9875e-03	
9.2482e-02	7.3346e-01	2.8963e+00	7.5094e-01	5.1838e+00	4.5209e-01	1.0471e-01	1.6176e-01	
-4.8237e-02	6.9418e-01	9.8780e-01	5.2268e-01	5.0649e+00	5.9788e-01	4.8885e-02	2.6150e-01	
9.7987e-02	7.0804e-01	1.2114e+00	4.3393e-01	4.9979e+00	5.9505e-01	2.3592e-01	2.8688e-01	
1.1207e-02	7.6635e-01	1.2490e+00	8.9546e-01	5.1647e+00	5.4957e-01	5.8682e-02	2.6435e-01	
5.0776e-02	5.1093e-01	1.0898e+00	9.1882e-01	5.0714e+00	4.6058e-01	1.8305e-01	8.0592e-02	
-8.2220e-02	8.9396e-01	3.8730e-01	9.1412e-02	5.0741e+00	4.7968e-01	1.6006e-01	8.2073e-02	
6.4247e-02	9.7169e-01	1.2258e+00	2.1988e-02	5.1127e+00	4.1977e-01	2.9071e-01	2.2386e-01	
-4.3333e-02	6.4273e-01	8.5393e-01	2.4822e-01	5.0358e+00	4.9312e-01	2.1707e-01	3.7716e-02	
6.0982e-02	8.2747e-01	1.6752e+00	3.5715e-01	5.0462e+00	5.1959e-01	1.3597e-01	2.5134e-01	
-1.0046e-02	8.0166e-01	6.0830e-01	2.8601e-01	4.9330e+00	4.2336e-01	3.7863e-02	7.2620e-02	
-3.4049e-02	6.6054e-01	9.9685e-01	8.5789e-01	5.1558e+00	5.9181e-01	2.8422e-01	1.6617e-01	
-5.2433e-02	5.0143e-01	5.6828e-01	9.2243e-01	4.9382e+00	4.8511e-01	2.5737e-02	1.0207e-01	
5.5974e-02	8.5274e-01	4.5986e-01	2.5583e-01	5.1575e+00	5.5786e-01	7.5607e-02	1.7156e-01	
7.7650e-03	9.5295e-01	1.4808e+00	5.3427e-01	5.0135e+00	5.5341e-01	2.5964e-01	1.4356e-01	
-9.3478e-02	7.7295e-01	2.1068e+00	2.5263e-01	5.0147e+00	4.2622e-01	7.3585e-02	1.9177e-01	
7.9082e-02	8.2312e-01	9.1114e-01	6.6359e-01	5.0690e+00	5.3604e-01	9.7100e-02	1.9754e-01	
-7.8686e-02	6.5628e-01	1.2856e+00	2.7875e-01	5.1350e+00	4.7391e-01	1.9652e-01	6.9782e-02	
-9.5344e-02	7.8839e-01	2.5422e+00	7.2503e-01	5.0429e+00	4.5435e-01	8.6301e-02	1.4522e-01	
-8.8953e-02	7.2281e-01	1.4293e+00	4.3250e-01	5.1078e+00	4.0413e-01	2.5594e-01	1.1988e-01	
-3.0547e-02	6.2371e-01	1.8458e+00	9.4067e-01	5.0023e+00	5.9390e-01	1.9895e-02	3.4088e-02	
-2.5130e-02	6.4008e-01	1.4387e+00	5.3206e-01	5.0616e+00	5.7970e-01	2.8533e-01	9.9038e-02	
-9.0576e-02	5.3299e-01	7.3174e-01	8.0727e-01	4.9136e+00	5.8834e-01	1.3388e-01	2.6585e-01	
-5.9296e-03	6.9756e-01	1.4757e+00	1.2901e-01	4.9900e+00	5.3670e-01	2.6998e-01	4.0833e-02	
4.9436e-02	9.4416e-01	9.7280e-01	2.7556e-01	4.9024e+00	4.3600e-01	1.6078e-01	3.8472e-02	
-1.2148e-02	7.4390e-01	1.7585e+00	5.1557e-03	5.1774e+00	5.2666e-01	3.3125e-02	2.1006e-01	
-7.7115e-02	8.5086e-01	1.4142e+00	8.2546e-01	5.1114e+00	5.3460e-01	2.2024e-01	1.2460e-01	
8.6344e-02	5.2252e-01	2.1261e+00	4.9844e-02	5.0826e+00	5.7169e-01	2.1159e-01	2.8271e-01	
4.6300e-02	6.8260e-01	1.0114e+00	6.5187e-02	4.9374e+00	4.3514e-01	2.2380e-01	1.4291e-01	
-4.4354e-02	9.3288e-01	2.9343e+00	3.2860e-01	4.9718e+00	4.8048e-01	2.3638e-01	1.0763e-01	
5.4063e-02	8.0398e-01	1.9233e+00	8.9338e-01	5.1043e+00	4.5332e-01	1.8634e-01	1.1658e-01	
5.1961e-02	9.7034e-01	1.3451e+00	4.2093e-01	5.0318e+00	4.7224e-01	4.1155e-02	8.7702e-02	
6.7402e-03	9.4642e-01	2.6845e+00	4.2958e-01	5.0986e+00	5.9619e-01	1.6777e-01	1.4424e-01	
2.5867e-02	8.3387e-01	8.9151e-01	2.7980e-01	5.1745e+00	4.3123e-01	2.6771e-01	8.9069e-02	
-4.8952e-03	6.2226e-01	1.7953e+00	3.1546e-01	5.0538e+00	5.5191e-01	1.0603e-03	6.8727e-02	
6.6857e-02	9.9902e-01	5.7226e-01	4.9642e-01	5.1706e+00	4.3842e-01	4.5629e-02	1.7055e-01	
7.5906e-02	7.4515e-01	5.5655e-01	5.5587e-01	4.9114e+00	4.3046e-01	1.4969e-01	2.9957e-01	
6.7432e-02	8.1858e-01	2.2623e+00	6.9513e-01	5.1302e+00	5.3809e-01	1.3893e-01	1.5976e-01	
-9.7480e-02	5.1055e-01	1.4677e+00	5.3653e-01	5.0546e+00	5.5401e-01	1.3479e-01	1.4056e-01	
6.4757e-02	6.6187e-01	1.2001e+00	1.9079e-01	5.1967e+00	5.1311e-01	1.0995e-01	1.7210e-02	
5.0911e-02	5.5574e-01	2.0606e+00	5.4522e-01	5.0040e+00	5.5899e-01	2.8782e-02	2.3779e-01	
4.5269e-05	9.2659e-01	2.3407e+00	1.3384e-01	4.9081e+00	5.2051e-01	1.7506e-01	5.4259e-02	
-9.9929e-02	9.2551e-01	1.7980e+00	5.9375e-01	5.0448e+00	5.0588e-01	1.0763e-01	1.1873e-02	
-2.8949e-02	9.1450e-01	2.5183e+00	1.6228e-01	5.0110e+00	4.0123e-01	1.4767e-01	8.1458e-02	
2.9873e-02	7.0259e-01	7.8776e-01	7.7695e-01	5.1361e+00	4.6595e-01	2.6863e-01	1.3260e-01	
-4.6351e-02	9.2720e-01	8.1352e-01	4.0359e-01	5.0992e+00	5.5126e-01	4.6783e-02	1.8278e-01	
3.0626e-02	8.5824e-01	5.2563e-01	1.6991e-02	4.9109e+00	5.5457e-01	5.4036e-03	2.8481e-01	
5.8534e-02	7.1949e-01	2.2966e+00	1.0138e-03	5.1276e+00	5.7200e-01	2.1908e-01	6.3983e-02	
2.3796e-02	9.2958e-01	2.0286e+00	5.0708e-01	5.0888e+00	5.4974e-01	2.7601e-01	2.4273e-01	
8.1775e-02	5.5764e-01	2.4303e+00	9.8127e-01	4.9851e+00	4.6880e-01	1.1793e-01	4.8042e-02	
-4.9733e-02	9.9115e-01	2.9393e+00	7.1273e-01	5.1944e+00	4.4751e-01	2.8228e-01	1.2549e-01	
-2.7434e-02	9.3986e-01	1.4068e+00	6.8426e-02	4.9392e+00	4.3964e-01	8.2216e-02	3.4848e-02	
-2.6474e-02	9.7873e-01	2.0707e+00	3.7096e-01	4.9303e+00	5.6438e-01	2.3368e-02	2.0802e-02	
-1.9177e-02	5.4234e-01	1.0832e+00	8.4893e-01	5.1474e+00	5.3363e-01	2.3497e-01	1.8379e-01	
-9.2451e-02	7.4022e-01	1.0687e+00	7.7425e-01	5.1464e+00	5.9926e-01	1.2795e-01	1.5218e-01	
-6.6074e-02	6.3714e-01	1.6602e+00	8.5472e-01	4.9861e+00	4.3047e-01	8.3542e-02	8.8991e-02	
-2.4880e-02	6.1481e-01	2.4076e+00	1.7614e-01	5.1805e+00	4.6131e-01	1.9831e-01	7.6037e-02	
7.5746e-02	9.0405e-01	1.5568e+00	3.4919e-01	5.0373e+00	5.0303e-01	1.4784e-02	4.4485e-02	
-2.3390e-02	9.6778e-01	6.0123e-01	8.8475e-01	5.1528e+00	4.0359e-01	8.5965e-03	1.8009e-01	
4.7195e-02	5.1870e-01	4.7129e-01	4.7607e-01	4.9103e+00	5.3943e-01	9.2199e-02	2.0943e-01	
6.0691e-02	5.7693e-01	2.6958e+00	1.8219e-01	4.9133e+00	5.1146e-01	2.0052e-01	2.7988e-01	
8.0962e-02	5.0864e-01	1.2634e+00	5.0916e-01	4.9050e+00	5.3140e-01	1.3953e-01	1.5654e-01	
-6.2895e-02	8.1535e-01	2.7747e+00	2.1015e-01	4.9196e+00	5.0466e-01	2.1037e-01	8.0096e-02	
7.6625e-02	6.8151e-01	2.4783e+00	7.9842e-01	5.0325e+00	5.3304e-01	2.3433e-01	1.3956e-01	
9.8067e-02	5.5023e-01	2.1115e+00	3.3940e-01	5.1686e+00	4.0335e-01	2.5090e-01	2.7789e-02	
8.8044e-02	7.8314e-01	2.3171e+00	9.8685e-01	5.1241e+00	5.6063e-01	1.8162e-01	2.8166e-01	
-6.7988e-02	9.4619e-01	2.7816e+00	2.0113e-01	5.1445e+00	5.1410e-01	1.3691e-01	1.8207e-01	
9.7182e-02	8.2500e-01	9.4995e-01	2.1262e-01	4.9173e+00	4.6334e-01	1.7246e-01	1.6416e-01	
-6.2332e-02	6.9954e-01	8.1942e-01	1.2428e-01	5.1716e+00	4.9583e-01	2.8332e-02	2.2810e-02	
-4.6984e-02	9.2184e-01	2.7016e+00	7.0723e-01	4.9307e+00	5.6992e-01	4.8595e-02	1.1246e-01	
2.7487e-02	7.4649e-01	2.9056e+00	7.5374e-01	5.0440e+00	5.3245e-01	6.8677e-02	8.2984e-02	
-5.7278e-02	9.9955e-01	2.4452e+00	2.2243e-01	5.0014e+00	5.2521e-01	6.3668e-03	3.9655e-03	
3.8318e-02	9.9515e-01	2.0614e+00	2.7469e-01	4.9568e+00	4.5951e-01	7.8257e-02	4.9009e-02	
-9.8984e-02	5.7766e-01	4.8581e-01	3.7413e-01	4.9819e+00	4.4537e-01	1.2029e-01	1.8133e-01	
-6.9641e-02	6.1115e-01	2.3986e+00	1.7191e-01	4.9264e+00	4.7894e-01	1.0645e-01	1.7473e-01	
-8.9176e-02	6.9852e-01	5.9725e-01	2.3311e-01	5.0071e+00	4.6738e-01	1.5414e-01	1.7174e-01	
5.8800e-03	7.8158e-01	1.1379e+00	8.0625e-01	4.9410e+00	5.8164e-01	2.0181e-03	9.2648e-02	
5.7066e-02	8.0848e-01	2.6422e+00	5.4444e-01	5.1643e+00	5.9757e-01	8.8399e-02	1.1544e-01	
-3.1994e-02	7.7836e-01	1.3554e+00	3.4536e-01	5.1220e+00	4.7361e-01	2.2482e-01	1.8401e-01	
3.0127e-02	8.9214e-01	2.7957e+00	2.6495e-01	4.9323e+00	4.0065e-01	1.1209e-01	1.1286e-01	
-4.0484e-02	5.9936e-01	4.0889e-01	8.3587e-01	4.9464e+00	5.1895e-01	2.6382e-01	2.4666e-01	
-1.6446e-02	8.8681e-01	1.1639e+00	7.8458e-01	5.1614e+00	4.6260e-01	2.1412e-01	3.1091e-02	
1.8585e-02	8.1736e-01	1.8928e+00	5.3061e-01	4.9906e+00	5.0768e-01	1.4501e-01	1.8782e-01	
2.1161e-02	6.6368e-01	2.6730e+00	8.8998e-01	5.1950e+00	5.0812e-01	1.9959e-01	2.9682e-01	
7.0418e-02	8.7049e-01	2.6270e+00	7.0020e-01	4.9242e+00	5.4321e-01	1.3582e-02	6.6478e-02	
-1.7431e-02	9.5183e-01	1.9746e+00	8.8544e-01	5.0415e+00	5.0508e-01	3.7488e-03	1.0140e-01	
-6.2697e-02	8.8778e-01	9.2889e-01	1.8034e-01	5.1384e+00	4.9142e-01	1.1351e-01	2.8988e-01	
1.9986e-02	7.3316e-01	2.6494e+00	4.1148e-01	4.9362e+00	5.7873e-01	1.6484e-01	3.6427e-02	
2.9173e-02	6.5151e-01	1.8100e+00	3.0268e-01	5.0806e+00	5.9569e-01	1.0325e-01	2.7886e-01	
9.1641e-02	8.1358e-01	2.9732e+00	1.5569e-01	4.9502e+00	4.1255e-01	1.5488e-01	1.5146e-01	
-4.8930e-02	5.7064e-01	1.7024e+00	5.7686e-01	5.1264e+00	4.4065e-01	1.4648e-01	1.4820e-01	
-7.2482e-02	6.3370e-01	3.4156e-01	6.4284e-01	5.0860e+00	5.3529e-01	2.6115e-01	7.3882e-02	
3.8686e-02	9.8114e-01	1.3003e+00	2.7242e-01	5.1525e+00	4.3329e-01	3.2242e-02	2.9796e-01	
-7.4424e-02	8.6854e-01	1.5288e+00	8.7661e-01	5.1484e+00	5.7687e-01	1.9150e-01	2.3935e-02	
-7.5005e-02	5.5259e-01	2.4493e+00	8.3844e-01	5.0954e+00	4.1525e-01	2.3332e-01	2.2060e-02	
9.7548e-02	6.6777e-01	2.9887e+00	7.6083e-01	5.0874e+00	4.6810e-01	1.7684e-01	3.9969e-02	
-9.6037e-02	9.1986e-01	1.2029e+00	3.1431e-01	5.0237e+00	4.3139e-01	1.0582e-01	2.8402e-03	
-2.0423e-03	7.2898e-01	2.8475e+00	7.5817e-01	5.0853e+00	4.6194e-01	3.9782e-02	1.3449e-01	
-3.4828e-03	5.1533e-01	2.0980e+00	8.8171e-01	5.1624e+00	4.1099e-01	2.3290e-01	1.1898e-03	
-4.4057e-02	6.3188e-01	1.9784e+00	3.6667e-01	4.9542e+00	5.4006e-01	2.7270e-01	1.8885e-01	
4.0283e-03	5.1297e-01	4.2560e-01	1.9413e-01	5.1186e+00	5.1470e-01	1.8100e-01	2.3134e-01	
1.9825e-02	5.6888e-01	9.1972e-01	5.6189e-01	5.0267e+00	4.4723e-01	5.0374e-02	3.2253e-02	
-2.1013e-02	8.5236e-01	1.6287e+00	6.2540e-01	4.9154e+00	5.2701e-01	1.6975e-01	5.6903e-02	
-5.9329e-02	7.8599e-01	1.6162e+00	8.4233e-01	5.1291e+00	5.5079e-01	3.8978e-02	2.3162e-01	
-5.2325e-02	8.6986e-01	2.9047e+00	9.4713e-01	4.9056e+00	5.7485e-01	2.8538e-01	1.3191e-01	
2.1905e-02	7.5729e-01	2.1713e+00	9.6757e-01	4.9794e+00	4.1292e-01	1.3843e-01	1.4589e-01	
-7.2077e-02	5.1382e-01	1.7273e+00	2.5031e-01	4.9000e+00	4.9988e-01	1.1686e-02	2.2125e-01	
8.4475e-02	9.1056e-01	2.9626e+00	6.6424e-01	4.9838e+00	4.1485e-01	7.7220e-02	2.9397e-01	
-1.6306e-02	5.9208e-01	5.1078e-01	2.9089e-01	5.0398e+00	4.3313e-01	1.4439e-01	1.4125e-01	
-8.6334e-02	6.1582e-01	2.9183e+00	6.2495e-01	4.9438e+00	5.3425e-01	4.0476e-02	2.3385e-02	
5.3715e-02	9.1323e-01	2.5379e+00	1.5787e-01	4.9636e+00	5.1038e-01	7.0631e-02	1.3527e-01	
-1.4487e-02	5.4916e-01	2.3565e+00	3.8319e-01	5.1412e+00	5.9821e-01	1.2847e-01	6.0342e-02	
5.3454e-02	9.2063e-01	6.2865e-01	1.7897e-01	4.9017e+00	4.2872e-01	9.7758e-02	1.7656e-01	
-8.3573e-02	6.1357e-01	1.7313e+00	8.7101e-01	4.9181e+00	5.8969e-01	2.7724e-01	1.1951e-01	
7.7910e-02	6.3642e-01	2.2272e+00	4.5968e-01	5.0283e+00	5.8411e-01	1.0793e-01	5.8910e-02	
2.1056e-02	7.4922e-01	2.0235e+00	6.1209e-01	5.0737e+00	5.7781e-01	1.0428e-01	1.2675e-01	
-5.4834e-03	7.4311e-01	2.8728e+00	1.4759e-01	5.0215e+00	5.3892e-01	1.9231e-01	5.4933e-02	
3.8190e-02	7.0932e-01	1.7525e+00	9.7019e-01	4.9987e+00	4.0508e-01	1.2707e-01	1.0469e-01	
2.6613e-02	7.5078e-01	2.1382e+00	9.9638e-01	5.0123e+00	4.2246e-01	2.5389e-01	3.9358e-02	
6.9980e-02	7.7013e-01	1.3437e+00	2.6867e-01	5.0556e+00	4.8288e-01	2.4509e-02	2.6995e-01	
7.2951e-03	5.0370e-01	1.6083e+00	1.3697e-01	5.1039e+00	5.9656e-01	2.4789e-01	1.9506e-01	
-9.2151e-03	5.5168e-01	2.6312e+00	8.4505e-01	4.9896e+00	4.3215e-01	2.3886e-01	8.4164e-02	
3.5183e-02	7.9355e-01	1.7677e+00	1.1311e-01	5.1978e+00	4.4206e-01	7.9412e-02	1.9003e-01	
-7.4727e-02	9.6617e-01	2.5917e+00	6.5236e-01	5.0465e+00	4.5407e-01	2.5452e-01	8.4868e-02	
6.1929e-02	8.0202e-01	1.3731e+00	1.0833e-01	5.1173e+00	4.7663e-01	2.4870e-01	1.3922e-01	
-5.4425e-02	6.3119e-01	2.1198e+00	6.8863e-01	5.1374e+00	5.5976e-01	1.5258e-01	1.2946e-01	
-3.7038e-02	5.8846e-01	2.2496e+00	7.9095e-01	4.9566e+00	4.0460e-01	4.9564e-02	1.6267e-01	
5.4182e-03	9.1874e-01	1.2730e+00	8.5649e-01	4.9997e+00	5.5705e-01	1.3167e-01	2.2195e-01	
9.9773e-02	5.5289e-01	1.2227e+00	2.5743e-01	5.1103e+00	4.5525e-01	2.3093e-01	2.1326e-01	
9.0602e-02	5.5413e-01	1.6443e+00	3.0643e-01	5.0531e+00	4.3442e-01	2.5199e-01	2.1425e-01	
-8.4948e-02	8.1197e-01	5.7707e-01	9.9921e-01	5.0187e+00	4.2849e-01	1.9395e-01	7.1798e-02	
-7.9989e-02	6.7270e-01	2.7223e+00	1.1253e-02	5.1461e+00	4.3273e-01	2.9785e-02	1.3044e-02	
8.9634e-02	5.8295e-01	1.0145e+00	4.6713e-01	5.0673e+00	4.2579e-01	2.8942e-01	2.9160e-01	
-6.3642e-02	6.4698e-01	2.6365e+00	7.1740e-01	4.9531e+00	4.8540e-01	1.0101e-01	2.4175e-01	
3.1419e-03	8.7834e-01	2.5993e+00	6.1917e-01	4.9990e+00	5.9352e-01	2.5523e-01	4.9817e-02	
-4.1086e-02	7.8103e-01	2.9498e+00	2.0134e-01	4.9423e+00	4.4340e-01	1.5685e-01	1.9047e-01	
-1.5445e-03	6.8757e-01	2.2448e+00	8.6688e-01	5.1030e+00	5.3077e-01	8.7647e-02	8.0755e-03	
9.5953e-02	9.3657e-01	6.2160e-01	6.9619e-01	5.1056e+00	4.0627e-01	1.3471e-01	1.1027e-01	
4.2406e-02	9.1240e-01	2.1990e+00	6.5529e-01	4.9744e+00	5.0397e-01	2.9682e-01	9.1218e-02	
4.3470e-02	5.3975e-01	8.4384e-01	6.5036e-03	5.1903e+00	4.8599e-01	1.5541e-01	9.8528e-02	
-5.6319e-02	8.6585e-01	7.6067e-01	8.5977e-02	5.1016e+00	4.3936e-01	5.3705e-02	2.3444e-01	
6.9826e-02	8.7488e-01	7.1032e-01	3.8909e-01	5.0781e+00	5.5485e-01	1.1894e-02	1.2197e-01	
2.4397e-02	5.9735e-01	3.3008e-01	8.3990e-01	5.0242e+00	4.0597e-01	6.7402e-02	2.4255e-01	
1.5534e-02	8.4162e-01	2.3255e+00	4.8437e-02	4.9469e+00	4.1909e-01	1.8756e-01	1.5590e-01	
9.6213e-03	6.6443e-01	2.2586e+00	2.0378e-01	5.0684e+00	5.4482e-01	1.1886e-01	2.7134e-01	
2.7964e-02	8.4835e-01	2.0097e+00	8.5219e-01	4.9734e+00	5.8228e-01	1.4292e-02	3.1669e-02	
7.8428e-02	9.6365e-01	8.6703e-01	9.0483e-01	5.1539e+00	5.5600e-01	1.0678e-01	2.5651e-01	
-8.1146e-02	7.5323e-01	1.0397e+00	7.8649e-02	4.9586e+00	5.5864e-01	2.0917e-01	2.6220e-01	
6.5539e-02	9.5945e-01	4.9961e-01	6.2715e-01	5.0803e+00	5.7732e-01	2.1331e-01	1.8302e-01	
-2.8856e-02	9.0274e-01	2.3859e+00	5.5679e-01	5.1500e+00	4.0107e-01	1.7726e-01	7.3258e-02	
-4.2736e-02	5.2911e-01	1.9423e+00	1.1980e-01	5.0816e+00	5.2843e-01	1.8928e-01	2.6807e-01	
6.6763e-02	8.0015e-01	3.0984e-01	9.7818e-01	5.0300e+00	5.2574e-01	2.1752e-01	5.3082e-03	
-7.3588e-02	9.4209e-01	2.7646e+00	1.9552e-01	5.0304e+00	4.5366e-01	2.2119e-02	2.3926e-01	
-6.9946e-02	7.1777e-01	1.8217e+00	3.6466e-01	5.0833e+00	4.9927e-01	2.1558e-01	9.8436e-02	
6.5705e-03	7.0788e-01	2.3093e+00	1.3719e-02	5.0116e+00	5.5072e-01	9.0485e-02	2.9224e-01	
8.2084e-03	6.5389e-01	1.3097e+00	6.5229e-01	4.9609e+00	4.3638e-01	1.7932e-01	1.5910e-01	
4.6793e-02	6.8467e-01	5.6164e-01	6.2766e-02	4.9960e+00	4.4013e-01	1.8046e-01	1.1755e-01	
4.0344e-02	8.2085e-01	2.9674e+00	7.6461e-01	5.0284e+00	4.9017e-01	1.0903e-01	5.9733e-02	
-6.9143e-02	5.3513e-01	5.8307e-01	6.3154e-01	4.9778e+00	5.8573e-01	3.1262e-02	1.5559e-01	
-3.0772e-04	6.1636e-01	2.1001e+00	9.5657e-01	5.1924e+00	5.4078e-01	2.5883e-01	2.0751e-01	
1.1129e-03	6.7587e-01	3.0392e-01	5.2860e-01	5.1143e+00	4.5934e-01	2.2749e-01	3.0707e-02	
-4.0295e-03	5.5929e-01	5.8631e-01	3.6866e-01	5.1724e+00	5.8550e-01	2.4640e-01	4.8469e-02	
-1.8559e-02	6.5080e-01	2.1872e+00	5.1828e-01	4.9064e+00	5.6716e-01	1.9301e-01	9.4183e-02	
5.6815e-02	7.9785e-01	2.8077e+00	9.4455e-01	5.1984e+00	4.7773e-01	2.1947e-01	1.0864e-01	
-2.9394e-02	6.4229e-01	4.3022e-01	9.3194e-01	5.0176e+00	4.6376e-01	1.0174e-01	8.5699e-02	
8.0157e-02	6.1764e-01	2.4342e+00	5.0334e-01	5.0351e+00	5.2369e-01	1.3266e-01	2.5678e-01	
7.1918e-02	6.0603e-01	1.5215e+00	8.1431e-01	5.1319e+00	4.0934e-01	1.1115e-01	1.0527e-01	
-3.8913e-02	7.3736e-01	2.3091e+00	2.4143e-01	5.1861e+00	4.3001e-01	1.1372e-01	1.7319e-01	
6.2229e-02	7.1855e-01	4.0056e-01	6.1903e-01	4.9931e+00	4.3680e-01	1.9560e-01	1.2337e-01	
8.3832e-02	6.7744e-01	2.0413e+00	5.7282e-01	4.9760e+00	4.0676e-01	2.6753e-02	2.6103e-01	
7.8700e-02	6.9230e-01	1.7896e+00	6.3575e-01	4.9965e+00	5.9431e-01	2.0460e-01	5.0488e-02	
-7.5774e-02	8.3171e-01	2.5671e+00	1.5898e-01	5.0500e+00	4.7846e-01	2.7919e-01	3.9217e-02	
-3.3209e-02	5.7019e-01	2.8308e+00	2.5026e-02	5.0819e+00	4.9778e-01	2.8063e-01	1.6088e-01	
5.4712e-02	5.5962e-01	1.5106e+00	7.9276e-01	4.9281e+00	5.5526e-01	5.6455e-02	2.7556e-01	
-2.9852e-02	5.0608e-01	3.2557e-01	3.0440e-01	5.1015e+00	4.5687e-01	2.8382e-01	1.1181e-01	
1.0175e-02	9.8301e-01	1.3923e+00	9.2507e-01	5.0347e+00	5.0930e-01	1.4562e-01	2.4935e-01	
9.9205e-02	9.8032e-01	2.4627e+00	3.0732e-01	5.1820e+00	5.5228e-01	2.9539e-01	4.2933e-03	
7.6434e-02	5.6570e-01	2.3307e+00	3.3682e-01	5.1711e+00	5.1740e-01	3.4445e-02	5.5312e-02	
7.5054e-02	8.5384e-01	1.7612e+00	7.1651e-01	5.1183e+00	5.4169e-01	1.1039e-01	2.1107e-01	
9.5165e-02	9.8552e-01	1.9109e+00	1.6134e-01	5.1415e+00	5.9855e-01	9.4974e-02	2.6519e-01	
2.1527e-02	7.2570e-01	2.1770e+00	7.6774e-01	5.1890e+00	4.7119e-01	2.4143e-01	1.0810e-01	
8.6182e-02	9.0876e-01	1.8611e+00	7.8219e-01	5.1090e+00	5.9092e-01	1.4254e-01	6.0014e-03	
-2.6328e-03	8.3837e-01	2.0918e+00	6.0006e-01	4.9812e+00	5.5308e-01	1.4301e-01	5.6307e-02	
-1.9770e-02	9.9245e-01	2.6654e+00	7.2032e-01	4.9888e+00	5.1942e-01	2.2417e-01	4.5980e-02	
-4.8594e-02	8.4381e-01	2.4887e+00	8.2745e-01	5.1192e+00	4.8900e-01	2.8296e-01	5.6190e-02	
-2.1897e-02	6.4372e-01	2.8456e+00	2.6234e-01	5.0761e+00	4.1451e-01	1.5017e-01	2.8208e-01	
4.5370e-02	6.0471e-01	2.8536e+00	9.9194e-01	5.1248e+00	5.9964e-01	6.1791e-02	1.2880e-01	
-6.7240e-02	7.6385e-01	2.5955e+00	2.4239e-01	5.0493e+00	4.4241e-01	2.9484e-01	2.8914e-01	
7.1450e-02	6.2500e-01	1.5892e+00	1.2109e-02	5.1072e+00	5.9102e-01	2.0267e-01	2.6395e-01	
-7.3682e-03	9.8191e-01	1.7032e+00	4.7419e-01	5.0264e+00	4.6220e-01	6.4190e-02	4.3487e-02	
2.8821e-02	7.0027e-01	1.4076e+00	7.6539e-02	4.9864e+00	5.7430e-01	7.5482e-02	2.9341e-01	
-3.8477e-02	6.9583e-01	1.1134e+00	4.5130e-01	4.9646e+00	5.0214e-01	9.4286e-02	2.1461e-01	
4.7470e-02	6.9048e-01	1.5777e+00	9.1267e-01	5.0208e+00	4.2296e-01	1.5699e-03	1.7797e-01	
-7.5820e-02	8.3094e-01	8.9920e-01	9.5093e-01	4.9455e+00	5.6046e-01	3.0712e-02	1.9549e-01	
5.8930e-02	7.8726e-01	1.0961e+00	8.4546e-03	5.0729e+00	4.3179e-01	4.4863e-02	7.2411e-03	
-3.8042e-02	7.3893e-01	1.1226e+00	3.3376e-01	4.9590e+00	5.5842e-01	2.7372e-01	2.7654e-01	
-9.1584e-02	8.3767e-01	2.3663e+00	3.4254e-01	4.9722e+00	5.7895e-01	2.2134e-01	2.2814e-01	
4.0763e-02	8.8041e-01	2.9420e+00	4.1959e-01	5.0563e+00	5.4822e-01	7.2966e-02	2.2255e-01	
-8.1767e-02	9.0054e-01	2.8747e+00	4.0911e-02	5.0618e+00	5.1566e-01	2.2701e-01	8.5255e-02	
-9.2921e-02	8.1798e-01	9.8419e-01	1.5214e-01	4.9394e+00	4.0872e-01	1.9774e-01	1.4095e-01	
4.5995e-02	8.4761e-01	2.6615e+00	1.2511e-01	5.1834e+00	5.7748e-01	6.2785e-02	8.9741e-02	
-6.3310e-03	9.5354e-01	1.8058e+00	5.5199e-01	4.9971e+00	5.2136e-01	1.8397e-01	1.7410e-01	
8.8616e-02	5.0287e-01	1.3514e+00	9.3420e-01	5.0081e+00	5.8896e-01	6.7974e-02	8.6594e-02	
-3.7361e-02	9.7600e-01	2.3767e+00	1.1015e-01	4.9640e+00	5.3167e-01	2.4129e-01	2.4059e-01	
-7.7546e-02	6.0990e-01	1.1884e+00	2.4492e-01	5.1994e+00	5.8359e-01	1.8717e-01	1.8512e-02	
3.3192e-02	8.4610e-01	2.7612e+00	5.9655e-01	4.9376e+00	5.9294e-01	2.7860e-01	9.2072e-02	
7.0989e-02	9.6744e-01	1.9517e+00	6.7189e-01	4.9045e+00	4.4790e-01	6.6254e-02	2.5811e-01	
-3.0115e-02	6.1822e-01	1.8697e+00	5.2016e-01	5.0624e+00	4.6445e-01	2.4027e-01	4.6650e-02	
8.4248e-02	9.8795e-01	2.4374e+00	4.9389e-01	4.9730e+00	4.8021e-01	7.4695e-02	6.7636e-02	
2.5641e-02	5.2519e-01	1.8186e+00	8.2050e-01	5.0974e+00	4.8755e-01	1.5827e-01	2.6003e-01	
-3.6016e-02	9.4303e-01	1.2166e+00	9.2411e-02	5.0950e+00	4.8465e-01	8.8547e-02	1.6570e-01	
-1.9025e-02	5.2823e-01	2.5847e+00	8.9883e-01	4.9039e+00	5.8706e-01	1.3723e-01	1.8472e-01	
6.9080e-02	7.6257e-01	1.5130e+00	7.2694e-01	4.9937e+00	4.0016e-01	4.1672e-02	2.5735e-02	
-5.7760e-02	7.0457e-01	2.6189e+00	5.8476e-01	4.9801e+00	4.4319e-01	2.7511e-01	2.2376e-01	
-4.7994e-02	6.3057e-01	1.1261e+00	6.8115e-01	5.0517e+00	5.3513e-01	2.5695e-01	2.8860e-01	
6.0077e-02	6.5007e-01	1.5367e+00	9.4735e-01	5.0393e+00	5.0369e-01	1.2633e-01	2.9725e-01	
3.4019e-02	9.6886e-01	1.7733e+00	8.0325e-02	5.1572e+00	5.6478e-01	2.0742e-01	1.7832e-01	
-4.1739e-02	9.0656e-01	6.9908e-01	8.9119e-02	4.9442e+00	4.2577e-01	1.7288e-01	2.5767e-01	
1.3467e-02	7.6882e-01	1.4973e+00	2.3687e-01	4.9236e+00	5.8667e-01	1.2428e-01	2.0369e-01	
1.4159e-02	8.9732e-01	1.0201e+00	3.7561e-01	5.0293e+00	4.5629e-01	1.0296e-01	1.2404e-01	
-5.3427e-02	6.6864e-01	1.3340e+00	6.3748e-01	5.1632e+00	5.4196e-01	2.2544e-01	1.3589e-01	
1.2131e-02	5.9839e-01	2.8819e+00	8.7471e-01	5.0388e+00	5.3331e-01	1.1297e-01	1.1078e-01	
1.1426e-02	6.2681e-01	1.0638e+00	8.9250e-01	5.1784e+00	4.9812e-01	6.4574e-02	2.6607e-01	
5.2879e-02	6.5997e-01	1.7838e+00	1.4078e-01	4.9369e+00	4.9336e-01	2.6133e-01	9.6037e-02	
6.5214e-02	9.1155e-01	2.0819e+00	4.4675e-01	5.1004e+00	5.4368e-01	8.9561e-02	2.1795e-01	
7.7295e-02	7.0132e-01	1.9312e+00	4.2670e-01	4.9287e+00	4.9531e-01	2.0699e-02	1.0951e-01	
4.8519e-02	9.3450e-01	1.5862e+00	2.8863e-01	5.1757e+00	4.4575e-01	1.2304e-01	1.3747e-02	
-4.9431e-02	6.0707e-01	7.9203e-01	5.9420e-01	5.1283e+00	5.1195e-01	1.1661e-01	2.7204e-01	
-6.3709e-02	6.7880e-01	2.5124e+00	9.7438e-02	5.0045e+00	4.4826e-01	2.4340e-01	1.2722e-02	
-6.0244e-02	7.2993e-01	2.2516e+00	2.5845e-01	4.9610e+00	5.7502e-01	2.5631e-01	2.0100e-01	
-7.2667e-02	5.0880e-01	2.5072e+00	2.0341e-02	4.9701e+00	4.4493e-01	1.4185e-01	2.8359e-01	
3.9251e-02	6.7388e-01	2.9267e+00	3.5350e-01	5.0488e+00	5.6598e-01	5.5796e-02	1.4877e-01	
-5.1432e-02	7.7106e-01	1.0298e+00	5.6697e-02	5.1605e+00	5.7114e-01	2.8595e-01	1.9601e-01	
1.2074e-02	5.3652e-01	6.9228e-01	8.1891e-01	5.1469e+00	5.3236e-01	2.5062e-01	1.8930e-01	
-6.0551e-02	7.5235e-01	1.7158e+00	6.7185e-02	5.0678e+00	4.2403e-01	1.0044e-01	1.0677e-02	
8.1582e-02	9.9675e-01	5.4526e-01	7.1350e-01	5.1507e+00	5.1611e-01	2.8083e-01	2.5408e-01	
-7.6338e-02	7.4063e-01	1.6879e+00	7.3016e-01	5.0169e+00	5.9608e-01	1.3320e-01	8.7959e-02	
2.3276e-02	6.3559e-01	3.6295e-01	7.1067e-01	5.0088e+00	5.0842e-01	2.4979e-01	2.7660e-01	
5.5129e-02	8.0734e-01	3.1152e-01	3.9131e-01	5.1817e+00	5.8459e-01	2.1228e-02	7.9265e-02	
1.2877e-02	7.2008e-01	1.1451e+00	4.7091e-01	5.1859e+00	5.6840e-01	2.0144e-01	6.2593e-02	
-3.5703e-02	7.6067e-01	2.0458e+00	2.2809e-01	5.1404e+00	4.5571e-01	8.5146e-02	1.1404e-01	
4.1039e-02	5.5701e-01	6.4510e-01	1.6569e-01	5.0481e+00	5.8912e-01	2.1849e-01	6.7006e-02	
1.9496e-02	9.4917e-01	1.9273e+00	3.1063e-01	5.0609e+00	5.1288e-01	1.2763e-01	7.8449e-02	
3.1765e-02	6.7028e-01	9.5663e-01	1.5319e-01	5.1937e+00	5.9458e-01	5.7856e-02	1.2137e-01	
3.7161e-02	6.6695e-01	1.8756e+00	4.4520e-02	4.9842e+00	5.8374e-01	1.1963e-01	9.6994e-03	
6.0436e-02	8.6723e-01	4.4666e-01	1.7142e-01	5.0526e+00	4.2208e-01	9.1853e-02	1.8519e-01	
7.4433e-02	8.2669e-01	3.5084e-01	5.2509e-01	5.1960e+00	5.2938e-01	1.3545e-01	2.8536e-01	
-8.0347e-02	8.8647e-01	1.3702e+00	5.1456e-02	5.1339e+00	5.7307e-01	2.9764e-01	2.5293e-01	
9.6684e-02	8.3505e-01	2.5760e+00	7.4290e-01	4.9291e+00	5.3579e-01	2.2919e-01	1.3353e-01	
-5.8035e-02	9.5492e-01	1.0558e+00	4.1353e-01	4.9319e+00	4.8844e-01	1.7582e-01	1.8614e-01	
2.8365e-02	7.5591e-01	7.6501e-01	6.1512e-01	5.1909e+00	4.7562e-01	2.1303e-01	1.4639e-01	
-4.5610e-02	7.2843e-01	7.8253e-01	4.5738e-01	5.0753e+00	4.2012e-01	2.4236e-01	2.4354e-01	
-9.7917e-02	9.6500e-01	2.2887e+00	6.4976e-01	4.9451e+00	4.9077e-01	1.9709e-01	1.5998e-01	
-8.6044e-02	7.6550e-01	2.4188e+00	7.6585e-01	4.9534e+00	4.1602e-01	2.6625e-01	2.3249e-01	
2.6458e-02	5.3080e-01	2.7526e+00	3.8502e-01	4.9941e+00	4.8352e-01	2.4427e-01	2.3649e-01	
-8.7175e-02	8.2814e-01	1.0728e+00	9.2598e-01	5.0323e+00	5.6803e-01	7.7830e-02	2.7033e-01	
-3.5341e-02	5.4339e-01	1.1006e+00	3.9927e-01	5.0933e+00	5.2650e-01	2.3786e-01	2.3390e-01	
-2.6795e-02	5.0025e-01	7.5527e-01	1.0657e-01	5.0782e+00	5.9006e-01	1.8627e-01	1.7025e-01	
9.8523e-02	8.0541e-01	1.4540e+00	8.4688e-02	4.9315e+00	5.1068e-01	2.8818e-01	1.3802e-01	
1.8795e-02	7.9714e-01	6.3278e-01	3.9641e-01	5.1237e+00	5.5382e-01	7.0946e-02	2.7267e-01	
-8.7552e-02	6.4111e-01	6.6386e-01	1.7565e-01	4.9224e+00	4.8168e-01	9.9375e-02	1.8659e-01	
3.6983e-02	6.5451e-01	2.4850e+00	3.9375e-01	4.9550e+00	5.1506e-01	5.4645e-02	1.9929e-01	
3.6651e-02	6.0838e-01	1.2783e+00	5.8713e-01	5.1370e+00	4.1746e-01	6.5830e-02	4.5135e-02	
9.4251e-02	8.3286e-01	1.3310e+00	9.4214e-01	5.0895e+00	4.2738e-01	1.7392e-01	2.5589e-01	
-2.1329e-02	9.0541e-01	1.0775e+00	4.4361e-01	4.9925e+00	5.8273e-01	3.6320e-02	4.9788e-02	
9.4096e-02	7.9577e-01	2.3705e+00	4.3675e-01	5.1117e+00	5.8154e-01	8.0561e-02	2.4723e-01	
9.9300e-02	6.6564e-01	1.1108e+00	6.3430e-01	5.0849e+00	4.9376e-01	4.2256e-03	5.2085e-03	
-2.0033e-02	6.4793e-01	2.2207e+00	8.2962e-01	4.9627e+00	4.8372e-01	2.9391e-01	2.2648e-01	
4.4538e-02	5.4427e-01	2.7285e+00	3.8105e-01	4.9599e+00	4.5299e-01	1.4010e-01	9.7461e-02	
-9.3906e-02	7.4508e-01	1.1547e+00	6.0930e-01	4.9511e+00	5.8718e-01	1.0002e-01	2.1076e-01	
-2.4111e-02	6.0088e-01	1.4627e+00	8.7234e-01	5.1270e+00	4.5019e-01	8.4886e-02	6.0987e-02	
-2.2771e-02	7.6161e-01	2.4577e+00	5.7914e-01	4.9527e+00	4.1242e-01	4.6260e-02	2.5534e-01	
-6.8940e-02	6.0011e-01	3.3568e-01	5.1686e-01	5.0978e+00	5.4246e-01	1.6644e-01	1.4742e-01	
-7.9353e-02	8.2399e-01	4.1668e-01	9.4592e-02	5.1336e+00	4.3366e-01	1.2231e-01	3.3589e-02	
-5.0212e-02	9.6020e-01	1.7218e+00	6.1108e-01	5.1006e+00	4.5098e-01	2.5168e-01	2.5467e-01	
-1.5984e-02	8.9065e-01	1.4572e+00	6.5978e-01	5.1660e+00	4.4923e-01	3.3594e-02	1.9220e-01	
1.6098e-02	7.1276e-01	1.9033e+00	4.9888e-01	5.0520e+00	4.4998e-01	4.7181e-02	1.4680e-01	
-9.8599e-02	9.3000e-01	1.5757e+00	8.6844e-01	5.1695e+00	4.2352e-01	1.2785e-02	2.1180e-01	
-5.5793e-02	6.0365e-01	2.0876e+00	9.0670e-01	4.9873e+00	5.2902e-01	1.5399e-01	7.4438e-02	
9.0930e-02	8.8343e-01	6.7990e-01	2.0608e-01	5.0751e+00	4.2662e-01	1.2170e-01	2.2616e-01	
-3.1040e-02	7.1483e-01	3.9662e-01	4.8963e-01	4.9166e+00	5.8811e-01	8.9787e-02	1.1878e-01	
8.3099e-02	8.8532e-01	2.7716e+00	4.7861e-01	5.1213e+00	5.3681e-01	9.5867e-02	1.2953e-01	
-2.8039e-02	7.9091e-01	1.9662e+00	2.4634e-01	5.1166e+00	5.0157e-01	1.7592e-02	1.9111e-01	
9.5430e-02	8.6206e-01	8.8529e-01	7.0271e-01	5.0578e+00	4.8248e-01	2.9169e-01	1.2827e-01	
-6.5651e-02	6.8579e-01	2.1549e+00	8.3827e-02	5.1491e+00	4.9245e-01	2.3721e-01	1.6472e-01	
-7.0377e-02	7.0546e-01	1.5950e+00	7.4102e-02	4.9745e+00	4.1435e-01	2.4269e-01	8.2655e-04	
8.0782e-02	8.4868e-01	1.9475e+00	6.5767e-01	5.0968e+00	5.5652e-01	1.9901e-01	1.2718e-01	
3.5977e-02	8.4542e-01	2.5538e+00	9.8985e-01	4.9557e+00	5.1677e-01	2.2979e-01	3.2892e-02	
-7.1090e-02	5.6732e-01	8.6959e-01	4.9474e-01	5.0924e+00	5.5780e-01	1.8239e-01	7.7072e-02	
-6.1487e-02	7.4193e-01	2.1813e+00	1.1857e-01	5.0838e+00	5.2406e-01	1.9213e-01	1.8811e-01	
8.7849e-02	5.7895e-01	3.7486e-01	8.8057e-01	4.9458e+00	4.3550e-01	2.7076e-01	2.9090e-01	
2.6985e-02	7.1158e-01	2.1586e+00	3.2771e-01	4.9580e+00	5.1995e-01	6.3316e-02	1.7737e-02	
-7.6581e-02	8.5925e-01	1.2554e+00	3.2540e-01	5.0335e+00	5.2303e-01	1.1595e-01	4.2348e-04	
8.5907e-02	5.2405e-01	7.2411e-01	7.7228e-01	4.9272e+00	5.6240e-01	2.1109e-01	7.3144e-02	
-6.4517e-02	5.6085e-01	1.7430e+00	2.3941e-01	4.9127e+00	4.4677e-01	1.6377e-02	7.7461e-02	
-5.9821e-02	6.0872e-01	8.7606e-01	2.1497e-01	5.0420e+00	4.0852e-01	2.0410e-01	2.3848e-01	
8.2198e-02	9.0195e-01	5.3862e-01	2.8273e-01	5.1898e+00	5.7418e-01	8.0063e-02	2.4135e-02	
-2.3605e-02	7.5871e-01	4.7898e-01	7.3094e-01	4.9091e+00	4.2898e-01	2.9223e-01	2.8761e-01	
3.7668e-02	9.9161e-01	2.1977e+00	8.5059e-01	5.0845e+00	5.2881e-01	1.1773e-01	5.2394e-02	
3.2241e-02	7.9609e-01	9.6145e-01	3.3569e-01	4.9007e+00	4.8241e-01	8.1636e-02	1.1432e-01	
1.8174e-02	9.8360e-01	2.0531e+00	2.8434e-01	4.9076e+00	4.1859e-01	6.5228e-02	2.1829e-01	
